%YAML:1.0
---
K: !!opencv-matrix
   rows: 3
   cols: 3
   dt: d
   data: [ 931.9412841796875, 0., 634.0355224609375, 0.,
       931.72412109375, 351.0355224609375, 0., 0., 1. ]
D: !!opencv-matrix
   rows: 1
   cols: 5
   dt: d
   data: [ 0.0, 0.0, 0.0, 0.0, 0.0 ]
