%YAML:1.0
---
K: !!opencv-matrix
   rows: 3
   cols: 3
   dt: d
   data: [ 1.9342462702379796e+03, 0., 2.0501036167532493e+03, 0.,
       1.9331158496940700e+03, 1.5585790985447804e+03, 0., 0., 1. ]
D: !!opencv-matrix
   rows: 1
   cols: 5
   dt: d
   data: [ 1.0635603036031899e-01, -2.6102375370621139e-01,
       1.6857678352158775e-03, -5.4490181343377615e-04,
       4.9468912450583385e-01 ]
