%YAML:1.0
---
K: !!opencv-matrix
   rows: 3
   cols: 3
   dt: d
   data: [ 971.4180297851562, 0., 1022.5767822265625, 0.,
       971.1231689453125, 779.6210327148438, 0., 0., 1. ]
D: !!opencv-matrix
   rows: 1
   cols: 8
   dt: d
   data: [ -0.5280987024307251, -2.0451934337615967,
       0.0006885815528221428, -0.0006955530261620879,
       1.7305338382720947, -0.6373644471168518, -1.8227728605270386, 1.6103001832962036 ]
