%YAML:1.0
---
K: !!opencv-matrix
   rows: 3
   cols: 3
   dt: d
   data: [ 1.9426781185955481e+03, 0., 2.0410950407523098e+03, 0.,
       1.9445288130816923e+03, 1.5577635324566581e+03, 0., 0., 1. ]
D: !!opencv-matrix
   rows: 1
   cols: 5
   dt: d
   data: [ 8.7226392319507573e-02, -1.9185020501075432e-02,
       6.9158383651044908e-04, -1.2202283120605008e-03,
       -8.8612559105994332e-02 ]
